DB 0 MOTIF	1	MEME
 -93.0	2
 -92.0	0
 -91.0	1
 -90.0	0.333333
 -89.0	1
 -88.0	1
 -87.0	0
 -86.0	1
 -85.0	0
 -84.0	1
 -83.0	0
 -82.0	0
 -81.0	1.36111
 -80.0	1
 -79.0	0
 -78.0	0
 -77.0	0
 -76.0	1
 -75.0	1
 -74.0	0
 -73.0	0.166667
 -72.0	1
 -71.0	1
 -70.0	0
 -69.0	2.33333
 -68.0	4
 -67.0	1
 -66.0	1
 -65.0	0
 -64.0	0
 -63.0	1.31111
 -62.0	1
 -61.0	0
 -60.0	0
 -59.0	1
 -58.0	0
 -57.0	1
 -56.0	0
 -55.0	0
 -54.0	0
 -53.0	0
 -52.0	0
 -51.0	1
 -50.0	0
 -49.0	2
 -48.0	1
 -47.0	1
 -46.0	1
 -45.0	0.111111
 -44.0	0
 -43.0	1
 -42.0	0
 -41.0	1
 -40.0	3.16667
 -39.0	1
 -38.0	4
 -37.0	3
 -36.0	3.33333
 -35.0	2
 -34.0	1
 -33.0	4
 -32.0	1
 -31.0	2
 -30.0	3.25
 -29.0	3
 -28.0	5.2
 -27.0	1.11111
 -26.0	1.66667
 -25.0	2
 -24.0	2
 -23.0	6
 -22.0	2
 -21.0	5
 -20.0	2
 -19.0	6
 -18.0	3
 -17.0	3
 -16.0	5
 -15.0	6
 -14.0	8
 -13.0	5
 -12.0	8
 -11.0	12
 -10.0	9
  -9.0	10.1111
  -8.0	9
  -7.0	5.16667
  -6.0	9
  -5.0	6
  -4.0	13
  -3.0	15
  -2.0	6
  -1.0	8
   0.0	5
   1.0	6
   2.0	8
   3.0	9
   4.0	9
   5.0	10
   6.0	7
   7.0	4.2
   8.0	4
   9.0	11.1111
  10.0	7
  11.0	6
  12.0	10
  13.0	8
  14.0	4
  15.0	4
  16.0	4
  17.0	9
  18.0	6
  19.0	7
  20.0	2
  21.0	3.25
  22.0	6
  23.0	6.66667
  24.0	0
  25.0	6
  26.0	2.16667
  27.0	3.11111
  28.0	5
  29.0	2
  30.0	3
  31.0	1
  32.0	1
  33.0	3
  34.0	2
  35.0	2
  36.0	2
  37.0	3
  38.0	2
  39.0	0.333333
  40.0	3
  41.0	1
  42.0	3.2
  43.0	0
  44.0	2
  45.0	0.111111
  46.0	1
  47.0	0
  48.0	2
  49.0	1
  50.0	2
  51.0	1
  52.0	1
  53.0	0
  54.0	0
  55.0	1
  56.0	1
  57.0	1
  58.0	2
  59.0	0.166667
  60.0	0
  61.0	0
  62.0	1
  63.0	3.11111
  64.0	1
  65.0	3
  66.0	1
  67.0	3
  68.0	1
  69.0	0
  70.0	0
  71.0	1
  72.0	1.25
  73.0	0
  74.0	1
  75.0	0
  76.0	0
  77.0	0.533333
  78.0	0
  79.0	0
  80.0	0
  81.0	0
  82.0	1
  83.0	0
  84.0	2
  85.0	0
  86.0	0
  87.0	1
  88.0	0
  89.0	0
  90.0	1
  91.0	0
  92.0	0.166667
  93.0	0
DB 0 MOTIF	3	MEME
 -93.0	0
 -92.0	0
 -91.0	0
 -90.0	1
 -89.0	1
 -88.0	1
 -87.0	1
 -86.0	2
 -85.0	0
 -84.0	1.25
 -83.0	0
 -82.0	0
 -81.0	1
 -80.0	0
 -79.0	0
 -78.0	2
 -77.0	1
 -76.0	0
 -75.0	1
 -74.0	2
 -73.0	0
 -72.0	0
 -71.0	0
 -70.0	0
 -69.0	1.2
 -68.0	0
 -67.0	0
 -66.0	1
 -65.0	1.5
 -64.0	0
 -63.0	2.91667
 -62.0	0
 -61.0	3
 -60.0	0
 -59.0	0
 -58.0	0
 -57.0	1
 -56.0	0
 -55.0	0
 -54.0	1
 -53.0	0
 -52.0	2
 -51.0	0
 -50.0	0
 -49.0	0
 -48.0	1
 -47.0	0
 -46.0	0
 -45.0	1
 -44.0	0
 -43.0	3
 -42.0	1
 -41.0	1
 -40.0	0
 -39.0	1
 -38.0	1
 -37.0	1
 -36.0	4
 -35.0	3
 -34.0	3.2
 -33.0	1
 -32.0	2
 -31.0	2
 -30.0	1.25
 -29.0	2
 -28.0	2
 -27.0	1
 -26.0	1
 -25.0	5
 -24.0	1
 -23.0	2
 -22.0	6
 -21.0	3
 -20.0	7
 -19.0	3
 -18.0	5
 -17.0	3
 -16.0	5
 -15.0	6
 -14.0	4.66667
 -13.0	3
 -12.0	5
 -11.0	4
 -10.0	6
  -9.0	3.25
  -8.0	5
  -7.0	6
  -6.0	2
  -5.0	8
  -4.0	6
  -3.0	9
  -2.0	11
  -1.0	6
   0.0	5
   1.0	5.2
   2.0	6
   3.0	10.5
   4.0	6
   5.0	4
   6.0	6
   7.0	3
   8.0	2
   9.0	2
  10.0	4
  11.0	4
  12.0	5
  13.0	3
  14.0	2
  15.0	4
  16.0	3
  17.0	7
  18.0	4
  19.0	6
  20.0	4
  21.0	1
  22.0	4
  23.0	3
  24.0	2.25
  25.0	6
  26.0	1
  27.0	3
  28.0	7
  29.0	3
  30.0	1
  31.0	2
  32.0	2
  33.0	0
  34.0	4
  35.0	1.66667
  36.0	4.2
  37.0	0
  38.0	1
  39.0	3
  40.0	2
  41.0	0
  42.0	1
  43.0	3
  44.0	1
  45.0	0.25
  46.0	0
  47.0	2
  48.0	2
  49.0	0
  50.0	1
  51.0	1.5
  52.0	1
  53.0	0
  54.0	0
  55.0	0
  56.0	1
  57.0	3
  58.0	1
  59.0	0
  60.0	1
  61.0	0
  62.0	0
  63.0	0
  64.0	1
  65.0	0
  66.0	1
  67.0	0.5
  68.0	0
  69.0	3
  70.0	1
  71.0	0.2
  72.0	0
  73.0	2
  74.0	0
  75.0	0
  76.0	1
  77.0	0
  78.0	0.25
  79.0	0
  80.0	0
  81.0	0
  82.0	0
  83.0	0.25
  84.0	1
  85.0	0
  86.0	0
  87.0	0
  88.0	0
  89.0	0
  90.0	0
  91.0	0
  92.0	0
  93.0	1
DB 1 MOTIF	ATGGCB	DREME
 -97.5	2
 -96.5	0.5
 -95.5	0
 -94.5	0
 -93.5	2.5
 -92.5	1
 -91.5	1
 -90.5	0.333333
 -89.5	0.833333
 -88.5	2
 -87.5	1
 -86.5	0.5
 -85.5	0.5
 -84.5	0
 -83.5	0
 -82.5	1.83333
 -81.5	0.611111
 -80.5	3.25
 -79.5	1
 -78.5	1
 -77.5	0.5
 -76.5	1
 -75.5	1.5
 -74.5	0
 -73.5	0.666667
 -72.5	0.5
 -71.5	0
 -70.5	0.833333
 -69.5	2
 -68.5	2.83333
 -67.5	0.5
 -66.5	2.33333
 -65.5	0.5
 -64.5	0
 -63.5	1.61111
 -62.5	0.5
 -61.5	1
 -60.5	0.5
 -59.5	1
 -58.5	0.75
 -57.5	0.666667
 -56.5	0.666667
 -55.5	0
 -54.5	1.5
 -53.5	0
 -52.5	0
 -51.5	0
 -50.5	0.333333
 -49.5	1
 -48.5	0.5
 -47.5	1.5
 -46.5	0.333333
 -45.5	0.111111
 -44.5	0.333333
 -43.5	0
 -42.5	1.5
 -41.5	1
 -40.5	2
 -39.5	3
 -38.5	3
 -37.5	3.33333
 -36.5	1.33333
 -35.5	2.83333
 -34.5	2.5
 -33.5	2.33333
 -32.5	0.5
 -31.5	1.5
 -30.5	4.83333
 -29.5	3.75
 -28.5	3.5
 -27.5	2.11111
 -26.5	1
 -25.5	4
 -24.5	0
 -23.5	5.5
 -22.5	4.5
 -21.5	6
 -20.5	1.5
 -19.5	3.16667
 -18.5	4
 -17.5	2
 -16.5	3.5
 -15.5	5.5
 -14.5	10
 -13.5	6
 -12.5	4
 -11.5	6.25
 -10.5	13.5
  -9.5	5.61111
  -8.5	6.16667
  -7.5	10.1667
  -6.5	9.5
  -5.5	5.5
  -4.5	9
  -3.5	8
  -2.5	8.25
  -1.5	6.5
  -0.5	7.5
   0.5	6
   1.5	4.83333
   2.5	7.83333
   3.5	5
   4.5	7.5
   5.5	5
   6.5	6
   7.5	4
   8.5	8.44444
   9.5	8
  10.5	9
  11.5	4
  12.5	8.5
  13.5	6.5
  14.5	5
  15.5	3.83333
  16.5	6.5
  17.5	5.83333
  18.5	4
  19.5	4.83333
  20.5	1.83333
  21.5	3.25
  22.5	7.5
  23.5	1.5
  24.5	7
  25.5	3
  26.5	3.11111
  27.5	3
  28.5	2
  29.5	0.5
  30.5	3
  31.5	0
  32.5	0
  33.5	3
  34.5	3.5
  35.5	1
  36.5	1.5
  37.5	2.5
  38.5	1.5
  39.5	0.583333
  40.5	1
  41.5	2
  42.5	3.5
  43.5	2
  44.5	1.11111
  45.5	2.5
  46.5	0
  47.5	1
  48.5	1.5
  49.5	2.5
  50.5	1
  51.5	1.5
  52.5	0.833333
  53.5	0.5
  54.5	1.5
  55.5	0.5
  56.5	3.66667
  57.5	2
  58.5	3.16667
  59.5	0.5
  60.5	0
  61.5	0.333333
  62.5	0.444444
  63.5	2.5
  64.5	2.5
  65.5	1.83333
  66.5	1.5
  67.5	1.5
  68.5	0
  69.5	0
  70.5	0.5
  71.5	1
  72.5	2.08333
  73.5	1
  74.5	1
  75.5	1
  76.5	1.33333
  77.5	0.833333
  78.5	0.5
  79.5	0
  80.5	0
  81.5	0.5
  82.5	0.5
  83.5	1.5
  84.5	0
  85.5	0
  86.5	0
  87.5	0.5
  88.5	0
  89.5	0
  90.5	0
  91.5	0.166667
  92.5	0.5
  93.5	0.333333
  94.5	2
  95.5	0
  96.5	1
  97.5	1
DB 1 MOTIF	AASATGG	DREME
 -97.0	0.285714
 -96.0	0
 -95.0	0
 -94.0	1
 -93.0	0
 -92.0	0
 -91.0	0
 -90.0	2
 -89.0	1
 -88.0	0
 -87.0	1.09091
 -86.0	0.2
 -85.0	0.1
 -84.0	0
 -83.0	2
 -82.0	0.5
 -81.0	0.5
 -80.0	0
 -79.0	0
 -78.0	1.28571
 -77.0	0
 -76.0	0
 -75.0	0
 -74.0	1
 -73.0	0
 -72.0	1
 -71.0	1
 -70.0	1
 -69.0	0
 -68.0	1.09091
 -67.0	0
 -66.0	1.63333
 -65.0	0
 -64.0	0.5
 -63.0	0.5
 -62.0	0.5
 -61.0	0
 -60.0	1.78571
 -59.0	1
 -58.0	0
 -57.0	0
 -56.0	0
 -55.0	0
 -54.0	0
 -53.0	0
 -52.0	1.09091
 -51.0	1.5
 -50.0	0
 -49.0	0.5
 -48.0	1.28571
 -47.0	0.1
 -46.0	0
 -45.0	1
 -44.0	0
 -43.0	0
 -42.0	0.5
 -41.0	1
 -40.0	2.7
 -39.0	0.5
 -38.0	2
 -37.0	1.5
 -36.0	1
 -35.0	1
 -34.0	0
 -33.0	3.59091
 -32.0	2.5
 -31.0	3.3
 -30.0	0
 -29.0	0.285714
 -28.0	1.5
 -27.0	1.5
 -26.0	0.5
 -25.0	2.33333
 -24.0	0
 -23.0	2
 -22.0	1
 -21.0	3.5
 -20.0	3
 -19.0	3
 -18.0	4.5
 -17.0	6.28571
 -16.0	5
 -15.0	4.5
 -14.0	3.09091
 -13.0	4.5
 -12.0	4.1
 -11.0	5.28571
 -10.0	2
  -9.0	5
  -8.0	6.5
  -7.0	8.5
  -6.0	4
  -5.0	6.5
  -4.0	3
  -3.0	0.5
  -2.0	6.5
  -1.0	8
   0.0	12.3333
   1.0	10.2857
   2.0	8.79091
   3.0	3
   4.0	3.2
   5.0	3
   6.0	7
   7.0	4.6
   8.0	1.5
   9.0	4
  10.0	4.5
  11.0	3
  12.0	3
  13.0	4.5
  14.0	5
  15.0	4.16667
  16.0	4
  17.0	2
  18.0	2
  19.0	1
  20.0	5.28571
  21.0	2.59091
  22.0	5
  23.0	2.1
  24.0	4
  25.0	5.2
  26.0	2
  27.0	0.5
  28.0	3.5
  29.0	1
  30.0	1
  31.0	3
  32.0	2.78571
  33.0	2
  34.0	0
  35.0	0
  36.0	0.5
  37.0	1
  38.0	0.285714
  39.0	1.53333
  40.0	1.09091
  41.0	0.5
  42.0	0.1
  43.0	2.5
  44.0	0
  45.0	1
  46.0	0.5
  47.0	1
  48.0	2
  49.0	0
  50.0	1.28571
  51.0	0
  52.0	1.5
  53.0	0
  54.0	3
  55.0	2
  56.0	0.590909
  57.0	0.333333
  58.0	0
  59.0	0.5
  60.0	1
  61.0	0.6
  62.0	2
  63.0	0
  64.0	0
  65.0	0
  66.0	1.83333
  67.0	1
  68.0	0.5
  69.0	0.285714
  70.0	1.5
  71.0	0
  72.0	0
  73.0	0
  74.0	1.2
  75.0	0.0909091
  76.0	0
  77.0	0
  78.0	0
  79.0	1
  80.0	0.1
  81.0	2.78571
  82.0	0
  83.0	0
  84.0	0
  85.0	0.333333
  86.0	0
  87.0	1
  88.0	0
  89.0	0
  90.0	1.2
  91.0	0
  92.0	0
  93.0	0
  94.0	0.0909091
  95.0	0
  96.0	0
  97.0	1
DB 2 MOTIF	Atoh1_DBD
 -95.5	1
 -94.5	1
 -93.5	0
 -92.5	0
 -91.5	0
 -90.5	0
 -89.5	3
 -88.5	0
 -87.5	0
 -86.5	3
 -85.5	1
 -84.5	1
 -83.5	0
 -82.5	1
 -81.5	0
 -80.5	0
 -79.5	1
 -78.5	0
 -77.5	1
 -76.5	1
 -75.5	0
 -74.5	1
 -73.5	0
 -72.5	1
 -71.5	1
 -70.5	2
 -69.5	0
 -68.5	0
 -67.5	1
 -66.5	2
 -65.5	0
 -64.5	2
 -63.5	1
 -62.5	0
 -61.5	1
 -60.5	0
 -59.5	0
 -58.5	0
 -57.5	0
 -56.5	1
 -55.5	0
 -54.5	0
 -53.5	1
 -52.5	0
 -51.5	1
 -50.5	0
 -49.5	1
 -48.5	1
 -47.5	0
 -46.5	1
 -45.5	1
 -44.5	0
 -43.5	1
 -42.5	1
 -41.5	2
 -40.5	1
 -39.5	2
 -38.5	0
 -37.5	1
 -36.5	0
 -35.5	0
 -34.5	0
 -33.5	0
 -32.5	2
 -31.5	0
 -30.5	1
 -29.5	0
 -28.5	2
 -27.5	1
 -26.5	1
 -25.5	0
 -24.5	1
 -23.5	2
 -22.5	2
 -21.5	0
 -20.5	0
 -19.5	0
 -18.5	0
 -17.5	1
 -16.5	1
 -15.5	2
 -14.5	2
 -13.5	2
 -12.5	5.5
 -11.5	1
 -10.5	1
  -9.5	2
  -8.5	0
  -7.5	6
  -6.5	1
  -5.5	3
  -4.5	1
  -3.5	3
  -2.5	1
  -1.5	4
  -0.5	1
   0.5	2.5
   1.5	0
   2.5	5
   3.5	2
   4.5	2
   5.5	1
   6.5	0
   7.5	4
   8.5	0
   9.5	3
  10.5	0
  11.5	0
  12.5	3
  13.5	1
  14.5	2
  15.5	2
  16.5	1
  17.5	1
  18.5	1
  19.5	3
  20.5	1
  21.5	1
  22.5	0
  23.5	0
  24.5	2
  25.5	0
  26.5	0
  27.5	1
  28.5	0
  29.5	1
  30.5	2
  31.5	1.5
  32.5	1
  33.5	1
  34.5	0
  35.5	0
  36.5	0
  37.5	1
  38.5	1
  39.5	1
  40.5	2
  41.5	0
  42.5	0
  43.5	0
  44.5	1
  45.5	3
  46.5	0
  47.5	2
  48.5	1.5
  49.5	2
  50.5	0
  51.5	0
  52.5	2
  53.5	3
  54.5	2
  55.5	0
  56.5	1
  57.5	1
  58.5	0
  59.5	0
  60.5	1
  61.5	2
  62.5	0
  63.5	0
  64.5	0
  65.5	0
  66.5	0
  67.5	0
  68.5	0
  69.5	0
  70.5	4
  71.5	1
  72.5	0
  73.5	0
  74.5	2
  75.5	1
  76.5	0
  77.5	0
  78.5	0
  79.5	0
  80.5	2
  81.5	0
  82.5	0
  83.5	0
  84.5	1
  85.5	1
  86.5	0
  87.5	0
  88.5	0
  89.5	0
  90.5	1
  91.5	0
  92.5	2
  93.5	1
  94.5	1
  95.5	0
DB 2 MOTIF	E2F1_DBD_3
 -93.5	0
 -92.5	4
 -91.5	0
 -90.5	2
 -89.5	0
 -88.5	2
 -87.5	0
 -86.5	1
 -85.5	0
 -84.5	0
 -83.5	2
 -82.5	1
 -81.5	1
 -80.5	2
 -79.5	0
 -78.5	0
 -77.5	2
 -76.5	2
 -75.5	2
 -74.5	0
 -73.5	0
 -72.5	0
 -71.5	0
 -70.5	1
 -69.5	1
 -68.5	1
 -67.5	0
 -66.5	1
 -65.5	1
 -64.5	0
 -63.5	0
 -62.5	0
 -61.5	0
 -60.5	0
 -59.5	0
 -58.5	0
 -57.5	2
 -56.5	2
 -55.5	1
 -54.5	1
 -53.5	0
 -52.5	1
 -51.5	0
 -50.5	0
 -49.5	1
 -48.5	0
 -47.5	0
 -46.5	1
 -45.5	0
 -44.5	0
 -43.5	0
 -42.5	2
 -41.5	1
 -40.5	1
 -39.5	0
 -38.5	0
 -37.5	0
 -36.5	0
 -35.5	1
 -34.5	1
 -33.5	2
 -32.5	1
 -31.5	1
 -30.5	1
 -29.5	0
 -28.5	0
 -27.5	1
 -26.5	1
 -25.5	1
 -24.5	2
 -23.5	1
 -22.5	0
 -21.5	0
 -20.5	0
 -19.5	2
 -18.5	0
 -17.5	0
 -16.5	0
 -15.5	0
 -14.5	1
 -13.5	1.5
 -12.5	4
 -11.5	3.5
 -10.5	0
  -9.5	3
  -8.5	1
  -7.5	1
  -6.5	1
  -5.5	3
  -4.5	1
  -3.5	2
  -2.5	2
  -1.5	1
  -0.5	2
   0.5	1
   1.5	0
   2.5	2
   3.5	0
   4.5	2
   5.5	1
   6.5	1
   7.5	3
   8.5	2
   9.5	1
  10.5	2
  11.5	0
  12.5	1
  13.5	0
  14.5	2
  15.5	1
  16.5	0
  17.5	0
  18.5	1
  19.5	1
  20.5	3
  21.5	1
  22.5	1
  23.5	1
  24.5	0
  25.5	3
  26.5	3
  27.5	0
  28.5	2
  29.5	3
  30.5	0
  31.5	1
  32.5	0
  33.5	0
  34.5	1
  35.5	0
  36.5	1
  37.5	1
  38.5	1
  39.5	0
  40.5	1
  41.5	0
  42.5	0
  43.5	0
  44.5	0
  45.5	0
  46.5	0
  47.5	1
  48.5	0
  49.5	1
  50.5	1
  51.5	1
  52.5	1
  53.5	1
  54.5	1
  55.5	0
  56.5	0
  57.5	0
  58.5	2
  59.5	1
  60.5	0
  61.5	0
  62.5	0
  63.5	0
  64.5	1
  65.5	2
  66.5	0
  67.5	0
  68.5	1
  69.5	1
  70.5	1
  71.5	0
  72.5	0
  73.5	1
  74.5	1
  75.5	0
  76.5	0
  77.5	0
  78.5	0
  79.5	1
  80.5	1
  81.5	1
  82.5	0
  83.5	0
  84.5	0
  85.5	1
  86.5	1
  87.5	0
  88.5	0
  89.5	0
  90.5	0
  91.5	0
  92.5	1
  93.5	1
DB 2 MOTIF	GCM1_DBD
 -95.5	0
 -94.5	0
 -93.5	0
 -92.5	1
 -91.5	1
 -90.5	2
 -89.5	0
 -88.5	0
 -87.5	1
 -86.5	1
 -85.5	1
 -84.5	0
 -83.5	1
 -82.5	0
 -81.5	0
 -80.5	1
 -79.5	0
 -78.5	0.166667
 -77.5	1
 -76.5	0
 -75.5	2
 -74.5	0
 -73.5	0
 -72.5	1
 -71.5	1.25
 -70.5	1
 -69.5	2
 -68.5	1
 -67.5	0
 -66.5	1
 -65.5	0
 -64.5	1
 -63.5	0
 -62.5	0
 -61.5	0
 -60.5	1
 -59.5	1
 -58.5	1
 -57.5	1
 -56.5	0
 -55.5	1
 -54.5	0
 -53.5	1
 -52.5	0
 -51.5	0
 -50.5	1.25
 -49.5	0
 -48.5	0
 -47.5	0
 -46.5	0
 -45.5	0.166667
 -44.5	1
 -43.5	0
 -42.5	1
 -41.5	1
 -40.5	0
 -39.5	2
 -38.5	2
 -37.5	0
 -36.5	0
 -35.5	1
 -34.5	3
 -33.5	1
 -32.5	0
 -31.5	1
 -30.5	0
 -29.5	2
 -28.5	0
 -27.5	0
 -26.5	2
 -25.5	0
 -24.5	1
 -23.5	1
 -22.5	2
 -21.5	0
 -20.5	1
 -19.5	0
 -18.5	0
 -17.5	2.25
 -16.5	1
 -15.5	1
 -14.5	0
 -13.5	2
 -12.5	2.16667
 -11.5	2
 -10.5	1
  -9.5	1
  -8.5	0
  -7.5	0
  -6.5	0
  -5.5	4
  -4.5	0
  -3.5	1
  -2.5	0
  -1.5	0
  -0.5	2
   0.5	0
   1.5	1
   2.5	1
   3.5	2.25
   4.5	3
   5.5	2
   6.5	2
   7.5	1
   8.5	1
   9.5	3
  10.5	1
  11.5	1
  12.5	1
  13.5	1
  14.5	1
  15.5	2
  16.5	2
  17.5	2
  18.5	2
  19.5	1
  20.5	0.166667
  21.5	3
  22.5	2
  23.5	0
  24.5	0
  25.5	1
  26.5	1
  27.5	2
  28.5	0
  29.5	0
  30.5	1
  31.5	0
  32.5	2
  33.5	0
  34.5	1
  35.5	1
  36.5	2.25
  37.5	2
  38.5	1
  39.5	1
  40.5	0
  41.5	1
  42.5	0
  43.5	0
  44.5	1
  45.5	1
  46.5	0
  47.5	1
  48.5	1
  49.5	0
  50.5	0
  51.5	1
  52.5	0
  53.5	0.166667
  54.5	0
  55.5	1
  56.5	0
  57.5	1.25
  58.5	0
  59.5	1
  60.5	1
  61.5	0
  62.5	1
  63.5	0
  64.5	0
  65.5	1
  66.5	0
  67.5	0
  68.5	0
  69.5	0
  70.5	2
  71.5	2
  72.5	3
  73.5	0
  74.5	1
  75.5	1
  76.5	1
  77.5	0
  78.5	1
  79.5	1
  80.5	0
  81.5	1
  82.5	1
  83.5	2
  84.5	2
  85.5	0
  86.5	1.16667
  87.5	1
  88.5	0
  89.5	0
  90.5	0.25
  91.5	0
  92.5	0
  93.5	0
  94.5	0
  95.5	0.25
DB 2 MOTIF	GCM1_full_1
 -92.5	0
 -91.5	0
 -90.5	1
 -89.5	0
 -88.5	0
 -87.5	0
 -86.5	0
 -85.5	0
 -84.5	0
 -83.5	0
 -82.5	0
 -81.5	1
 -80.5	0
 -79.5	0
 -78.5	0
 -77.5	0
 -76.5	0
 -75.5	0
 -74.5	1
 -73.5	0
 -72.5	0
 -71.5	0
 -70.5	0
 -69.5	1
 -68.5	0
 -67.5	0
 -66.5	0
 -65.5	0
 -64.5	0
 -63.5	0
 -62.5	0
 -61.5	0
 -60.5	0
 -59.5	2
 -58.5	0
 -57.5	1
 -56.5	1
 -55.5	0
 -54.5	0
 -53.5	1
 -52.5	1
 -51.5	0
 -50.5	0
 -49.5	0
 -48.5	1
 -47.5	0
 -46.5	0
 -45.5	0
 -44.5	1
 -43.5	0
 -42.5	2
 -41.5	0
 -40.5	0
 -39.5	0
 -38.5	0
 -37.5	1
 -36.5	0
 -35.5	1
 -34.5	0
 -33.5	0
 -32.5	0
 -31.5	1
 -30.5	0
 -29.5	0
 -28.5	1
 -27.5	0
 -26.5	0
 -25.5	1
 -24.5	0
 -23.5	0
 -22.5	0
 -21.5	0
 -20.5	0
 -19.5	1
 -18.5	0
 -17.5	0
 -16.5	1
 -15.5	1
 -14.5	0
 -13.5	1
 -12.5	1
 -11.5	1
 -10.5	0
  -9.5	0
  -8.5	2
  -7.5	2
  -6.5	0
  -5.5	1
  -4.5	2
  -3.5	1
  -2.5	2
  -1.5	1
  -0.5	1
   0.5	0
   1.5	2
   2.5	1
   3.5	0
   4.5	1
   5.5	0
   6.5	2
   7.5	0
   8.5	1
   9.5	0
  10.5	2
  11.5	0
  12.5	2
  13.5	0
  14.5	1
  15.5	1
  16.5	0
  17.5	0
  18.5	1
  19.5	0
  20.5	1
  21.5	0
  22.5	1
  23.5	0
  24.5	0
  25.5	1
  26.5	0
  27.5	0
  28.5	1
  29.5	1
  30.5	1
  31.5	1
  32.5	0
  33.5	0
  34.5	0
  35.5	0
  36.5	1
  37.5	0
  38.5	0
  39.5	0
  40.5	0
  41.5	1
  42.5	0
  43.5	0
  44.5	0
  45.5	0
  46.5	1
  47.5	0
  48.5	0
  49.5	1
  50.5	0
  51.5	0
  52.5	0
  53.5	0
  54.5	1
  55.5	1
  56.5	0
  57.5	0
  58.5	0
  59.5	0
  60.5	0
  61.5	0
  62.5	0
  63.5	0
  64.5	1
  65.5	0
  66.5	1
  67.5	0
  68.5	0
  69.5	0
  70.5	0
  71.5	1
  72.5	0
  73.5	1
  74.5	0
  75.5	1
  76.5	1
  77.5	0
  78.5	0
  79.5	0
  80.5	1
  81.5	0
  82.5	0
  83.5	0
  84.5	0
  85.5	0
  86.5	0
  87.5	0
  88.5	1
  89.5	0
  90.5	0
  91.5	0
  92.5	2
DB 2 MOTIF	GCM2_DBD
 -95.5	0
 -94.5	1
 -93.5	2
 -92.5	1
 -91.5	0
 -90.5	2
 -89.5	0
 -88.5	0
 -87.5	0
 -86.5	1
 -85.5	0
 -84.5	0
 -83.5	1
 -82.5	0
 -81.5	0
 -80.5	1
 -79.5	0
 -78.5	0.166667
 -77.5	1
 -76.5	0
 -75.5	2
 -74.5	0
 -73.5	1
 -72.5	1
 -71.5	1.5
 -70.5	1
 -69.5	2
 -68.5	1
 -67.5	1
 -66.5	1
 -65.5	1
 -64.5	1
 -63.5	1
 -62.5	0
 -61.5	1
 -60.5	2
 -59.5	2
 -58.5	1
 -57.5	2
 -56.5	0
 -55.5	2
 -54.5	1
 -53.5	0
 -52.5	0
 -51.5	1
 -50.5	3
 -49.5	1
 -48.5	2
 -47.5	1
 -46.5	0
 -45.5	0.166667
 -44.5	1
 -43.5	0
 -42.5	4
 -41.5	1
 -40.5	1
 -39.5	2
 -38.5	3
 -37.5	0
 -36.5	2
 -35.5	1
 -34.5	3
 -33.5	0
 -32.5	0
 -31.5	1
 -30.5	0
 -29.5	3
 -28.5	1
 -27.5	0
 -26.5	2
 -25.5	1
 -24.5	1
 -23.5	1
 -22.5	2
 -21.5	1
 -20.5	1
 -19.5	0
 -18.5	0
 -17.5	4.5
 -16.5	1
 -15.5	0
 -14.5	0
 -13.5	1
 -12.5	2.16667
 -11.5	2
 -10.5	1
  -9.5	2
  -8.5	1
  -7.5	4
  -6.5	2
  -5.5	4
  -4.5	0
  -3.5	2
  -2.5	0
  -1.5	0
  -0.5	3
   0.5	2
   1.5	1
   2.5	2
   3.5	3
   4.5	3
   5.5	2
   6.5	4
   7.5	1
   8.5	2.5
   9.5	2
  10.5	1
  11.5	1
  12.5	1
  13.5	2
  14.5	1
  15.5	5
  16.5	2
  17.5	4
  18.5	2
  19.5	1
  20.5	0.166667
  21.5	4
  22.5	2
  23.5	1
  24.5	1
  25.5	2
  26.5	1
  27.5	3
  28.5	2
  29.5	0
  30.5	1
  31.5	0
  32.5	2
  33.5	0
  34.5	3
  35.5	1
  36.5	2
  37.5	1
  38.5	2
  39.5	1
  40.5	0
  41.5	1
  42.5	0
  43.5	1
  44.5	2
  45.5	0
  46.5	1
  47.5	1
  48.5	3
  49.5	0
  50.5	1
  51.5	1
  52.5	0
  53.5	0.166667
  54.5	1
  55.5	3
  56.5	0.5
  57.5	1
  58.5	1
  59.5	1
  60.5	1
  61.5	0
  62.5	1
  63.5	1
  64.5	0
  65.5	1
  66.5	1
  67.5	0
  68.5	0
  69.5	1
  70.5	2
  71.5	2
  72.5	3
  73.5	0
  74.5	2
  75.5	2
  76.5	1
  77.5	3
  78.5	1
  79.5	2
  80.5	2
  81.5	3
  82.5	0
  83.5	3
  84.5	4
  85.5	0
  86.5	0.166667
  87.5	1
  88.5	0
  89.5	0
  90.5	0
  91.5	0
  92.5	1
  93.5	0
  94.5	3
  95.5	0
DB 2 MOTIF	GMEB2_DBD_3
 -93.0	0
 -92.0	0
 -91.0	0
 -90.0	1
 -89.0	0
 -88.0	1
 -87.0	0
 -86.0	0
 -85.0	0
 -84.0	0
 -83.0	0
 -82.0	0
 -81.0	0
 -80.0	0
 -79.0	0
 -78.0	0
 -77.0	0
 -76.0	0
 -75.0	0
 -74.0	0
 -73.0	0
 -72.0	0
 -71.0	0
 -70.0	0
 -69.0	0
 -68.0	0
 -67.0	0
 -66.0	0
 -65.0	0
 -64.0	0
 -63.0	0
 -62.0	0
 -61.0	0
 -60.0	0
 -59.0	0
 -58.0	0
 -57.0	0
 -56.0	0
 -55.0	0
 -54.0	0
 -53.0	0
 -52.0	0
 -51.0	0
 -50.0	0
 -49.0	0
 -48.0	0
 -47.0	0
 -46.0	0
 -45.0	1
 -44.0	0
 -43.0	0
 -42.0	0
 -41.0	1
 -40.0	0
 -39.0	2
 -38.0	0
 -37.0	1
 -36.0	0
 -35.0	3
 -34.0	1
 -33.0	0
 -32.0	0
 -31.0	1
 -30.0	0
 -29.0	0
 -28.0	0
 -27.0	0
 -26.0	0
 -25.0	1
 -24.0	0
 -23.0	1
 -22.0	0
 -21.0	0
 -20.0	0
 -19.0	1
 -18.0	0
 -17.0	1
 -16.0	0
 -15.0	0
 -14.0	0
 -13.0	1
 -12.0	0
 -11.0	0
 -10.0	1
  -9.0	1
  -8.0	0
  -7.0	0
  -6.0	0
  -5.0	0
  -4.0	1
  -3.0	1
  -2.0	0
  -1.0	0
   0.0	0
   1.0	0
   2.0	1
   3.0	1
   4.0	0
   5.0	1
   6.0	0
   7.0	0
   8.0	0
   9.0	0
  10.0	0
  11.0	0
  12.0	0
  13.0	0
  14.0	0
  15.0	1
  16.0	0
  17.0	0
  18.0	0
  19.0	1
  20.0	0
  21.0	0
  22.0	0
  23.0	0
  24.0	2
  25.0	1
  26.0	0
  27.0	0
  28.0	0
  29.0	1
  30.0	1
  31.0	1
  32.0	0
  33.0	0
  34.0	0
  35.0	0
  36.0	1
  37.0	0
  38.0	1
  39.0	1
  40.0	0
  41.0	0
  42.0	1
  43.0	1
  44.0	1
  45.0	1
  46.0	0
  47.0	0
  48.0	1
  49.0	0
  50.0	0
  51.0	0
  52.0	1
  53.0	0
  54.0	0
  55.0	0
  56.0	0
  57.0	0
  58.0	0
  59.0	0
  60.0	0
  61.0	0
  62.0	0
  63.0	0
  64.0	1
  65.0	0
  66.0	0
  67.0	0
  68.0	0
  69.0	0
  70.0	0
  71.0	0
  72.0	0
  73.0	0
  74.0	0
  75.0	0
  76.0	0
  77.0	0
  78.0	1
  79.0	0
  80.0	0
  81.0	0
  82.0	1
  83.0	1
  84.0	0
  85.0	1
  86.0	1
  87.0	1
  88.0	0
  89.0	0
  90.0	0
  91.0	0
  92.0	0
  93.0	0
DB 2 MOTIF	NEUROD2_full
 -95.5	1
 -94.5	1
 -93.5	0
 -92.5	0
 -91.5	0
 -90.5	1
 -89.5	2
 -88.5	1
 -87.5	0
 -86.5	2
 -85.5	1
 -84.5	2
 -83.5	0
 -82.5	1.5
 -81.5	3
 -80.5	0.5
 -79.5	2
 -78.5	2.5
 -77.5	2
 -76.5	2.16667
 -75.5	2
 -74.5	1
 -73.5	0
 -72.5	0
 -71.5	1
 -70.5	1
 -69.5	0
 -68.5	0
 -67.5	0
 -66.5	1
 -65.5	1
 -64.5	2
 -63.5	3
 -62.5	0.5
 -61.5	0
 -60.5	1.66667
 -59.5	0
 -58.5	0
 -57.5	0
 -56.5	1
 -55.5	2
 -54.5	0
 -53.5	0
 -52.5	1
 -51.5	1
 -50.5	0
 -49.5	2.33333
 -48.5	2
 -47.5	1
 -46.5	1
 -45.5	1
 -44.5	0
 -43.5	0.166667
 -42.5	3
 -41.5	6
 -40.5	0
 -39.5	3
 -38.5	1
 -37.5	1
 -36.5	1
 -35.5	0
 -34.5	0
 -33.5	2
 -32.5	2
 -31.5	1
 -30.5	1
 -29.5	0.5
 -28.5	1
 -27.5	1
 -26.5	1
 -25.5	0
 -24.5	2
 -23.5	3
 -22.5	3
 -21.5	2
 -20.5	3
 -19.5	0
 -18.5	4
 -17.5	2
 -16.5	1
 -15.5	7
 -14.5	2
 -13.5	2
 -12.5	5
 -11.5	1.66667
 -10.5	4.16667
  -9.5	3
  -8.5	2
  -7.5	6
  -6.5	1
  -5.5	1
  -4.5	3
  -3.5	3
  -2.5	1
  -1.5	3
  -0.5	1
   0.5	4
   1.5	3.33333
   2.5	6
   3.5	2
   4.5	3
   5.5	2
   6.5	2
   7.5	3
   8.5	0
   9.5	3
  10.5	1
  11.5	0
  12.5	5
  13.5	1
  14.5	2
  15.5	3
  16.5	1
  17.5	2
  18.5	1
  19.5	2.5
  20.5	2
  21.5	1
  22.5	2.16667
  23.5	1
  24.5	4
  25.5	1
  26.5	1
  27.5	0
  28.5	0
  29.5	2
  30.5	3
  31.5	1
  32.5	1
  33.5	1.5
  34.5	0
  35.5	1
  36.5	1
  37.5	1.66667
  38.5	2
  39.5	1
  40.5	1
  41.5	0
  42.5	0
  43.5	1
  44.5	1
  45.5	0
  46.5	0
  47.5	1
  48.5	4
  49.5	0
  50.5	1
  51.5	2
  52.5	0.333333
  53.5	2
  54.5	1
  55.5	1.16667
  56.5	1
  57.5	0
  58.5	1
  59.5	2
  60.5	1
  61.5	1
  62.5	1.5
  63.5	0
  64.5	0
  65.5	0
  66.5	0
  67.5	1
  68.5	0.5
  69.5	1.5
  70.5	2
  71.5	1
  72.5	0
  73.5	0
  74.5	1
  75.5	1
  76.5	1
  77.5	0
  78.5	0
  79.5	0
  80.5	3
  81.5	0
  82.5	0
  83.5	1
  84.5	2
  85.5	1
  86.5	0
  87.5	1
  88.5	0.166667
  89.5	0
  90.5	2
  91.5	0
  92.5	2
  93.5	0
  94.5	1
  95.5	0
DB 2 MOTIF	OLIG3_DBD
 -95.5	1
 -94.5	1
 -93.5	0
 -92.5	0
 -91.5	0
 -90.5	1
 -89.5	2
 -88.5	0
 -87.5	0
 -86.5	2
 -85.5	0
 -84.5	1.16667
 -83.5	0
 -82.5	1
 -81.5	0
 -80.5	0
 -79.5	2
 -78.5	1
 -77.5	2
 -76.5	0
 -75.5	0
 -74.5	2
 -73.5	0
 -72.5	0
 -71.5	1
 -70.5	1
 -69.5	0
 -68.5	1
 -67.5	1.14286
 -66.5	0
 -65.5	0
 -64.5	2
 -63.5	1
 -62.5	0
 -61.5	0
 -60.5	0
 -59.5	0
 -58.5	0
 -57.5	0
 -56.5	1
 -55.5	2
 -54.5	2
 -53.5	0
 -52.5	0
 -51.5	1.14286
 -50.5	0
 -49.5	2
 -48.5	1
 -47.5	1
 -46.5	2.16667
 -45.5	1
 -44.5	1
 -43.5	1
 -42.5	1
 -41.5	4
 -40.5	0
 -39.5	3
 -38.5	1
 -37.5	0
 -36.5	0
 -35.5	0
 -34.5	0
 -33.5	0
 -32.5	2
 -31.5	0
 -30.5	1.16667
 -29.5	1
 -28.5	1
 -27.5	1
 -26.5	0
 -25.5	0
 -24.5	1
 -23.5	3
 -22.5	1
 -21.5	0
 -20.5	1
 -19.5	0
 -18.5	1
 -17.5	1
 -16.5	1
 -15.5	3
 -14.5	2
 -13.5	2.14286
 -12.5	3.5
 -11.5	1
 -10.5	1
  -9.5	2
  -8.5	1
  -7.5	6
  -6.5	1
  -5.5	0
  -4.5	0
  -3.5	3
  -2.5	1
  -1.5	2
  -0.5	1
   0.5	3
   1.5	1
   2.5	5.14286
   3.5	2
   4.5	2
   5.5	1
   6.5	0
   7.5	3.16667
   8.5	0
   9.5	3
  10.5	0
  11.5	0
  12.5	3
  13.5	1
  14.5	1
  15.5	2
  16.5	0
  17.5	1
  18.5	1
  19.5	2
  20.5	0
  21.5	1
  22.5	0
  23.5	2.16667
  24.5	2
  25.5	0
  26.5	0
  27.5	2
  28.5	0
  29.5	2
  30.5	2
  31.5	1.5
  32.5	1
  33.5	1
  34.5	0
  35.5	0
  36.5	0
  37.5	1
  38.5	1
  39.5	1
  40.5	1.14286
  41.5	0
  42.5	0
  43.5	0
  44.5	1
  45.5	0
  46.5	0
  47.5	1
  48.5	0
  49.5	1
  50.5	0
  51.5	2
  52.5	0
  53.5	2
  54.5	1
  55.5	1
  56.5	2.14286
  57.5	1
  58.5	0
  59.5	1
  60.5	1
  61.5	3.16667
  62.5	0
  63.5	0
  64.5	0
  65.5	0
  66.5	1
  67.5	0
  68.5	0
  69.5	1
  70.5	3
  71.5	1
  72.5	0
  73.5	0
  74.5	1
  75.5	1
  76.5	2
  77.5	0
  78.5	0
  79.5	0
  80.5	3
  81.5	0
  82.5	1
  83.5	1
  84.5	1
  85.5	1
  86.5	0
  87.5	0
  88.5	0
  89.5	0
  90.5	0
  91.5	0
  92.5	1
  93.5	1
  94.5	1.14286
  95.5	0
DB 2 MOTIF	TFAP2C_full_2
 -94.0	1
 -93.0	1
 -92.0	1
 -91.0	1
 -90.0	3
 -89.0	2
 -88.0	0
 -87.0	2
 -86.0	0
 -85.0	0
 -84.0	0
 -83.0	0
 -82.0	0
 -81.0	1
 -80.0	1
 -79.0	1
 -78.0	1
 -77.0	0
 -76.0	1
 -75.0	0
 -74.0	1
 -73.0	0
 -72.0	0
 -71.0	0
 -70.0	0
 -69.0	0
 -68.0	0
 -67.0	0
 -66.0	2
 -65.0	2
 -64.0	0
 -63.0	2
 -62.0	0
 -61.0	0
 -60.0	1
 -59.0	1
 -58.0	0
 -57.0	0
 -56.0	1
 -55.0	0
 -54.0	0
 -53.0	0
 -52.0	0
 -51.0	0
 -50.0	0
 -49.0	1
 -48.0	0
 -47.0	0
 -46.0	0
 -45.0	0
 -44.0	0
 -43.0	0
 -42.0	0
 -41.0	1
 -40.0	1
 -39.0	0
 -38.0	0
 -37.0	2
 -36.0	0
 -35.0	0
 -34.0	2
 -33.0	0
 -32.0	0
 -31.0	0
 -30.0	1
 -29.0	0
 -28.0	0
 -27.0	0
 -26.0	0
 -25.0	1
 -24.0	0
 -23.0	0
 -22.0	2
 -21.0	0
 -20.0	1
 -19.0	1
 -18.0	1
 -17.0	0
 -16.0	0
 -15.0	0
 -14.0	2
 -13.0	2
 -12.0	1
 -11.0	1
 -10.0	3
  -9.0	5
  -8.0	2
  -7.0	2
  -6.0	3
  -5.0	0
  -4.0	3
  -3.0	0
  -2.0	1
  -1.0	0
   0.0	2
   1.0	4
   2.0	1
   3.0	1
   4.0	1
   5.0	1
   6.0	0
   7.0	0
   8.0	1
   9.0	1
  10.0	1
  11.0	2
  12.0	0
  13.0	0
  14.0	1
  15.0	0
  16.0	1
  17.0	0
  18.0	0
  19.0	1
  20.0	3
  21.0	3
  22.0	0
  23.0	1
  24.0	0
  25.0	2
  26.0	3
  27.0	2
  28.0	0
  29.0	1
  30.0	1
  31.0	0
  32.0	0
  33.0	0
  34.0	2
  35.0	1
  36.0	1
  37.0	0
  38.0	1
  39.0	1
  40.0	0
  41.0	0
  42.0	1
  43.0	1
  44.0	0
  45.0	0
  46.0	0
  47.0	0
  48.0	1
  49.0	0
  50.0	0
  51.0	0
  52.0	0
  53.0	1
  54.0	0
  55.0	1
  56.0	0
  57.0	0
  58.0	1
  59.0	0
  60.0	0
  61.0	0
  62.0	0
  63.0	0
  64.0	0
  65.0	0
  66.0	0
  67.0	0
  68.0	1
  69.0	0
  70.0	0
  71.0	1
  72.0	0
  73.0	0
  74.0	0
  75.0	0
  76.0	1
  77.0	0
  78.0	1
  79.0	0
  80.0	0
  81.0	1
  82.0	0
  83.0	0
  84.0	0
  85.0	0
  86.0	1
  87.0	0
  88.0	0
  89.0	0
  90.0	0
  91.0	0
  92.0	0
  93.0	1
  94.0	1
DB 2 MOTIF	YY1_full
 -95.0	0
 -94.0	0
 -93.0	0
 -92.0	1
 -91.0	0
 -90.0	1
 -89.0	1.47619
 -88.0	1
 -87.0	1
 -86.0	0
 -85.0	1
 -84.0	0
 -83.0	0
 -82.0	1.11111
 -81.0	1
 -80.0	1
 -79.0	0
 -78.0	0
 -77.0	0
 -76.0	2
 -75.0	0
 -74.0	0.166667
 -73.0	1
 -72.0	0
 -71.0	0
 -70.0	1
 -69.0	4.5
 -68.0	1.33333
 -67.0	1
 -66.0	2
 -65.0	1
 -64.0	1.31111
 -63.0	0
 -62.0	1
 -61.0	0
 -60.0	1.14286
 -59.0	0
 -58.0	0
 -57.0	0
 -56.0	0
 -55.0	0.333333
 -54.0	0
 -53.0	0
 -52.0	0
 -51.0	0
 -50.0	3
 -49.0	1
 -48.0	0
 -47.0	1
 -46.0	0.111111
 -45.0	1
 -44.0	1
 -43.0	0
 -42.0	1
 -41.0	1.16667
 -40.0	4
 -39.0	5
 -38.0	2
 -37.0	3
 -36.0	0
 -35.0	3.33333
 -34.0	3
 -33.0	0
 -32.0	1
 -31.0	4.14286
 -30.0	3
 -29.0	4.2
 -28.0	1.11111
 -27.0	1.66667
 -26.0	2
 -25.0	3
 -24.0	3
 -23.0	4
 -22.0	6
 -21.0	1
 -20.0	3
 -19.0	3
 -18.0	5
 -17.0	3
 -16.0	7
 -15.0	8
 -14.0	3
 -13.0	6
 -12.0	3
 -11.0	8
 -10.0	11.6111
  -9.0	8
  -8.0	7.16667
  -7.0	13
  -6.0	5
  -5.0	12
  -4.0	7.33333
  -3.0	7
  -2.0	14.1429
  -1.0	5
   0.0	10
   1.0	6
   2.0	8
   3.0	10.5
   4.0	8
   5.0	5
   6.0	3.2
   7.0	8
   8.0	10.1111
   9.0	6
  10.0	9
  11.0	7
  12.0	6
  13.0	5
  14.0	7
  15.0	6
  16.0	6
  17.0	5
  18.0	7
  19.0	3
  20.0	6
  21.0	4
  22.0	6.66667
  23.0	5.5
  24.0	10
  25.0	1.16667
  26.0	5.11111
  27.0	5.14286
  28.0	1
  29.0	3
  30.0	1.5
  31.0	1
  32.0	3
  33.0	0
  34.0	5
  35.0	1
  36.0	2
  37.0	1.5
  38.0	3
  39.0	1
  40.0	3.33333
  41.0	1.2
  42.0	3
  43.0	3
  44.0	1.11111
  45.0	3
  46.0	0
  47.0	1.33333
  48.0	1
  49.0	1
  50.0	1
  51.0	2
  52.0	0
  53.0	1
  54.0	1
  55.0	0
  56.0	3.14286
  57.0	3
  58.0	2.16667
  59.0	0
  60.0	0
  61.0	2
  62.0	1.11111
  63.0	0
  64.0	2.5
  65.0	1
  66.0	2
  67.0	2
  68.0	1
  69.0	0
  70.0	0
  71.0	0.666667
  72.0	2
  73.0	1.33333
  74.0	0
  75.0	1
  76.0	1.2
  77.0	2
  78.0	1.33333
  79.0	0
  80.0	1
  81.0	1
  82.0	0
  83.0	1.5
  84.0	0
  85.0	0.142857
  86.0	0
  87.0	0
  88.0	1
  89.0	1
  90.0	0
  91.0	0.166667
  92.0	0
  93.0	1
  94.0	1
  95.0	1
DB 2 MOTIF	YY2_DBD
 -95.0	0
 -94.0	0
 -93.0	3
 -92.0	0
 -91.0	1
 -90.0	0.333333
 -89.0	1
 -88.0	1
 -87.0	0
 -86.0	2
 -85.0	0
 -84.0	0
 -83.0	1
 -82.0	0
 -81.0	1.11111
 -80.0	1
 -79.0	1
 -78.0	0
 -77.0	0
 -76.0	1
 -75.0	1
 -74.0	0
 -73.0	0.166667
 -72.0	1
 -71.0	1
 -70.0	2
 -69.0	1.33333
 -68.0	3.5
 -67.0	3
 -66.0	0
 -65.0	0
 -64.0	0
 -63.0	1.31111
 -62.0	1
 -61.0	0
 -60.0	1
 -59.0	1
 -58.0	0
 -57.0	0
 -56.0	0
 -55.0	0
 -54.0	0.333333
 -53.0	0
 -52.0	0
 -51.0	1
 -50.0	0
 -49.0	1
 -48.0	2
 -47.0	0
 -46.0	1
 -45.0	2.11111
 -44.0	0
 -43.0	1
 -42.0	1
 -41.0	2
 -40.0	3.16667
 -39.0	2
 -38.0	4
 -37.0	1
 -36.0	3.33333
 -35.0	1
 -34.0	2
 -33.0	3
 -32.0	0
 -31.0	1
 -30.0	4
 -29.0	3
 -28.0	3.2
 -27.0	0.111111
 -26.0	2.66667
 -25.0	2
 -24.0	3
 -23.0	6
 -22.0	3
 -21.0	4
 -20.0	3
 -19.0	4
 -18.0	3
 -17.0	6
 -16.0	2
 -15.0	6
 -14.0	9
 -13.0	4
 -12.0	6
 -11.0	9
 -10.0	9
  -9.0	9.11111
  -8.0	11
  -7.0	8.16667
  -6.0	10
  -5.0	6
  -4.0	12
  -3.0	11.3333
  -2.0	3
  -1.0	6
   0.0	6
   1.0	7
   2.0	5
   3.0	8
   4.0	10
   5.0	8
   6.0	5
   7.0	5.2
   8.0	3
   9.0	11.1111
  10.0	7
  11.0	7
  12.0	8
  13.0	6
  14.0	4
  15.0	2
  16.0	4
  17.0	8
  18.0	3
  19.0	5
  20.0	1
  21.0	4
  22.0	5
  23.0	6.66667
  24.0	2
  25.0	7
  26.0	2.16667
  27.0	2.11111
  28.0	5
  29.0	1
  30.0	1
  31.0	1.5
  32.0	0
  33.0	3
  34.0	1
  35.0	3
  36.0	1
  37.0	4
  38.0	3
  39.0	2.33333
  40.0	0
  41.0	3
  42.0	3.2
  43.0	2
  44.0	1
  45.0	1.11111
  46.0	2
  47.0	0
  48.0	1.33333
  49.0	2
  50.0	2
  51.0	1
  52.0	1
  53.0	2
  54.0	0
  55.0	2
  56.0	1
  57.0	4
  58.0	1
  59.0	2.16667
  60.0	0
  61.0	0
  62.0	2
  63.0	2.11111
  64.0	2
  65.0	0
  66.0	0
  67.0	2
  68.0	1
  69.0	0
  70.0	0
  71.0	0
  72.0	1
  73.0	1
  74.0	0
  75.0	1
  76.0	1
  77.0	0.533333
  78.0	1
  79.0	0
  80.0	0
  81.0	0
  82.0	2
  83.0	1
  84.0	3
  85.0	1
  86.0	0
  87.0	1
  88.0	0
  89.0	0
  90.0	1
  91.0	1
  92.0	1.16667
  93.0	1
  94.0	2
  95.0	1
DB 2 MOTIF	YY2_full_1
 -95.0	0
 -94.0	1
 -93.0	0
 -92.0	1
 -91.0	0
 -90.0	0
 -89.0	0.47619
 -88.0	2
 -87.0	2
 -86.0	0
 -85.0	2
 -84.0	0
 -83.0	0
 -82.0	1.11111
 -81.0	1
 -80.0	1.25
 -79.0	1
 -78.0	0
 -77.0	1
 -76.0	1
 -75.0	0
 -74.0	0.166667
 -73.0	0
 -72.0	0
 -71.0	0
 -70.0	1
 -69.0	3.5
 -68.0	2.33333
 -67.0	1
 -66.0	1
 -65.0	0
 -64.0	1.31111
 -63.0	1
 -62.0	1
 -61.0	0
 -60.0	1.14286
 -59.0	1
 -58.0	0
 -57.0	0
 -56.0	0
 -55.0	0
 -54.0	0
 -53.0	0
 -52.0	0
 -51.0	0
 -50.0	3
 -49.0	0
 -48.0	0
 -47.0	2
 -46.0	0.111111
 -45.0	2
 -44.0	0
 -43.0	1
 -42.0	1
 -41.0	1.16667
 -40.0	3
 -39.0	7
 -38.0	3
 -37.0	3
 -36.0	0
 -35.0	2.33333
 -34.0	4
 -33.0	0
 -32.0	1
 -31.0	2.14286
 -30.0	3
 -29.0	5.45
 -28.0	1.11111
 -27.0	1.66667
 -26.0	2
 -25.0	2
 -24.0	3
 -23.0	4
 -22.0	5
 -21.0	1
 -20.0	5
 -19.0	5
 -18.0	5
 -17.0	4
 -16.0	8
 -15.0	7
 -14.0	3
 -13.0	7
 -12.0	3
 -11.0	11
 -10.0	13.1111
  -9.0	8
  -8.0	6.16667
  -7.0	13
  -6.0	6
  -5.0	12
  -4.0	8
  -3.0	8
  -2.0	12.1429
  -1.0	6
   0.0	10
   1.0	7
   2.0	9
   3.0	8.5
   4.0	10
   5.0	6
   6.0	3.2
   7.0	5
   8.0	10.1111
   9.0	6
  10.0	9
  11.0	8
  12.0	6
  13.0	6
  14.0	8
  15.0	7
  16.0	6
  17.0	3
  18.0	6
  19.0	2
  20.0	7
  21.0	3
  22.0	6.91667
  23.0	4
  24.0	8
  25.0	2.16667
  26.0	5.11111
  27.0	4.14286
  28.0	1
  29.0	3
  30.0	2.5
  31.0	1
  32.0	1
  33.0	0
  34.0	5
  35.0	1
  36.0	1
  37.0	1.5
  38.0	3
  39.0	2
  40.0	2.33333
  41.0	1.2
  42.0	2
  43.0	2
  44.0	0.111111
  45.0	4
  46.0	0
  47.0	1
  48.0	1
  49.0	1
  50.0	0
  51.0	2
  52.0	1
  53.0	1
  54.0	1
  55.0	0
  56.0	4.14286
  57.0	2
  58.0	2.16667
  59.0	0
  60.0	0
  61.0	1
  62.0	1.11111
  63.0	0
  64.0	2.5
  65.0	2
  66.0	1
  67.0	1
  68.0	2
  69.0	0
  70.0	0
  71.0	0.666667
  72.0	3
  73.0	1.58333
  74.0	0
  75.0	0
  76.0	1.2
  77.0	1
  78.0	0.333333
  79.0	0
  80.0	1
  81.0	1
  82.0	0
  83.0	1.5
  84.0	0
  85.0	0.142857
  86.0	0
  87.0	0
  88.0	1
  89.0	1
  90.0	1
  91.0	0.166667
  92.0	0
  93.0	0
  94.0	1
  95.0	0
DB 2 MOTIF	YY2_full_2
 -94.5	0
 -93.5	1
 -92.5	0.333333
 -91.5	1
 -90.5	4
 -89.5	0
 -88.5	0
 -87.5	1
 -86.5	0
 -85.5	1
 -84.5	0
 -83.5	1
 -82.5	0
 -81.5	0
 -80.5	0
 -79.5	0
 -78.5	0
 -77.5	1
 -76.5	1
 -75.5	1
 -74.5	0
 -73.5	2
 -72.5	2
 -71.5	1.33333
 -70.5	2
 -69.5	3
 -68.5	1
 -67.5	0
 -66.5	0
 -65.5	4
 -64.5	0
 -63.5	0
 -62.5	0
 -61.5	0
 -60.5	0
 -59.5	0
 -58.5	0
 -57.5	0
 -56.5	1
 -55.5	1
 -54.5	1
 -53.5	2
 -52.5	1
 -51.5	0.333333
 -50.5	1
 -49.5	0
 -48.5	1
 -47.5	3
 -46.5	1
 -45.5	1
 -44.5	3
 -43.5	3
 -42.5	3
 -41.5	0
 -40.5	1
 -39.5	0
 -38.5	0.333333
 -37.5	2
 -36.5	2
 -35.5	0
 -34.5	1
 -33.5	2
 -32.5	2
 -31.5	2
 -30.5	4
 -29.5	0
 -28.5	1
 -27.5	2
 -26.5	3
 -25.5	4
 -24.5	2
 -23.5	0.666667
 -22.5	3
 -21.5	4
 -20.5	4
 -19.5	2
 -18.5	3
 -17.5	1
 -16.5	5
 -15.5	3
 -14.5	3
 -13.5	6
 -12.5	3
 -11.5	7
 -10.5	5
  -9.5	4
  -8.5	4
  -7.5	6
  -6.5	8
  -5.5	6
  -4.5	3
  -3.5	7
  -2.5	4
  -1.5	8
  -0.5	4.33333
   0.5	1
   1.5	2
   2.5	1
   3.5	6
   4.5	5
   5.5	4
   6.5	9
   7.5	7
   8.5	4
   9.5	4
  10.5	3
  11.5	7
  12.5	4
  13.5	3
  14.5	6
  15.5	3
  16.5	4
  17.5	1
  18.5	4
  19.5	6
  20.5	3
  21.5	2
  22.5	5.5
  23.5	2
  24.5	0
  25.5	5.66667
  26.5	0
  27.5	7
  28.5	0
  29.5	1
  30.5	6
  31.5	2
  32.5	0
  33.5	1
  34.5	0
  35.5	0
  36.5	0.333333
  37.5	1
  38.5	0
  39.5	2
  40.5	2
  41.5	0
  42.5	0
  43.5	1
  44.5	2
  45.5	0
  46.5	2
  47.5	1
  48.5	2
  49.5	1
  50.5	1.33333
  51.5	1
  52.5	1
  53.5	1
  54.5	0
  55.5	1
  56.5	0
  57.5	1
  58.5	0
  59.5	4
  60.5	3
  61.5	1
  62.5	1
  63.5	0
  64.5	2.5
  65.5	1
  66.5	0
  67.5	1
  68.5	2
  69.5	0.333333
  70.5	1
  71.5	0
  72.5	1
  73.5	1
  74.5	1
  75.5	0
  76.5	0
  77.5	0
  78.5	0
  79.5	0
  80.5	1
  81.5	0
  82.5	0
  83.5	0
  84.5	2
  85.5	0
  86.5	1
  87.5	0
  88.5	0
  89.5	0
  90.5	0
  91.5	0
  92.5	0
  93.5	0
  94.5	0
DB 3 MOTIF	MA0091.1	TAL1::TCF3
 -94.5	0
 -93.5	1
 -92.5	0
 -91.5	1
 -90.5	0
 -89.5	0
 -88.5	0
 -87.5	0
 -86.5	0
 -85.5	0.333333
 -84.5	0
 -83.5	1
 -82.5	0
 -81.5	1
 -80.5	2
 -79.5	0
 -78.5	0
 -77.5	0
 -76.5	1
 -75.5	0
 -74.5	0
 -73.5	0
 -72.5	0
 -71.5	1
 -70.5	0
 -69.5	0
 -68.5	0
 -67.5	0
 -66.5	0
 -65.5	1
 -64.5	1
 -63.5	1
 -62.5	0
 -61.5	0
 -60.5	0
 -59.5	0
 -58.5	0
 -57.5	1
 -56.5	0
 -55.5	0
 -54.5	0
 -53.5	0
 -52.5	0.333333
 -51.5	0
 -50.5	0
 -49.5	0
 -48.5	0
 -47.5	2
 -46.5	0
 -45.5	1
 -44.5	0
 -43.5	0
 -42.5	0
 -41.5	1
 -40.5	2
 -39.5	0
 -38.5	1
 -37.5	1
 -36.5	0
 -35.5	1
 -34.5	0
 -33.5	0
 -32.5	0
 -31.5	0.333333
 -30.5	0
 -29.5	2
 -28.5	0
 -27.5	1
 -26.5	0
 -25.5	1
 -24.5	0
 -23.5	0
 -22.5	0
 -21.5	0
 -20.5	0
 -19.5	0
 -18.5	0
 -17.5	1
 -16.5	1
 -15.5	1
 -14.5	0
 -13.5	0
 -12.5	1
 -11.5	5
 -10.5	2
  -9.5	1
  -8.5	2
  -7.5	1
  -6.5	2
  -5.5	0
  -4.5	3
  -3.5	0
  -2.5	0
  -1.5	1
  -0.5	1
   0.5	1
   1.5	3.33333
   2.5	0
   3.5	0
   4.5	0
   5.5	1
   6.5	5
   7.5	1
   8.5	0
   9.5	0
  10.5	0
  11.5	1
  12.5	0
  13.5	2
  14.5	0
  15.5	1
  16.5	1
  17.5	0
  18.5	2
  19.5	0
  20.5	0
  21.5	0
  22.5	0.333333
  23.5	1
  24.5	0
  25.5	2
  26.5	1
  27.5	0
  28.5	1
  29.5	0
  30.5	2
  31.5	1
  32.5	1
  33.5	0
  34.5	0
  35.5	0
  36.5	1
  37.5	0
  38.5	0
  39.5	2
  40.5	0
  41.5	0
  42.5	0
  43.5	0
  44.5	0
  45.5	0
  46.5	0
  47.5	1
  48.5	0
  49.5	0
  50.5	1
  51.5	0
  52.5	1
  53.5	1
  54.5	2
  55.5	2.33333
  56.5	0
  57.5	0
  58.5	0
  59.5	0
  60.5	0
  61.5	0
  62.5	1
  63.5	0
  64.5	1
  65.5	0
  66.5	0
  67.5	0
  68.5	0
  69.5	0
  70.5	0
  71.5	2
  72.5	0
  73.5	1
  74.5	0
  75.5	0
  76.5	0
  77.5	1
  78.5	0
  79.5	0
  80.5	0
  81.5	2
  82.5	0
  83.5	0
  84.5	0
  85.5	1
  86.5	1
  87.5	0
  88.5	0
  89.5	0
  90.5	0
  91.5	0
  92.5	0
  93.5	1
  94.5	0
DB 3 MOTIF	MA0139.1	CTCF
 -91.0	0
 -90.0	0
 -89.0	0
 -88.0	0
 -87.0	1
 -86.0	0
 -85.0	1
 -84.0	0
 -83.0	1
 -82.0	1
 -81.0	0
 -80.0	1
 -79.0	0
 -78.0	0
 -77.0	1
 -76.0	0
 -75.0	0
 -74.0	0
 -73.0	1
 -72.0	0
 -71.0	0
 -70.0	0
 -69.0	1
 -68.0	1
 -67.0	1
 -66.0	1
 -65.0	1
 -64.0	1
 -63.0	0
 -62.0	1
 -61.0	0
 -60.0	0
 -59.0	2
 -58.0	0
 -57.0	0
 -56.0	1
 -55.0	0
 -54.0	0
 -53.0	2
 -52.0	1
 -51.0	0
 -50.0	0
 -49.0	1
 -48.0	0
 -47.0	2
 -46.0	0
 -45.0	0
 -44.0	0
 -43.0	0
 -42.0	1
 -41.0	0
 -40.0	0
 -39.0	1
 -38.0	0
 -37.0	3
 -36.0	0
 -35.0	1
 -34.0	0
 -33.0	0
 -32.0	2
 -31.0	0
 -30.0	0
 -29.0	0
 -28.0	0
 -27.0	0
 -26.0	0
 -25.0	0
 -24.0	2
 -23.0	2
 -22.0	3
 -21.0	0
 -20.0	0
 -19.0	0
 -18.0	1
 -17.0	1
 -16.0	1
 -15.0	2
 -14.0	0
 -13.0	1
 -12.0	1
 -11.0	0
 -10.0	1
  -9.0	0
  -8.0	1
  -7.0	3
  -6.0	1
  -5.0	1
  -4.0	1
  -3.0	1
  -2.0	2
  -1.0	1
   0.0	2
   1.0	1
   2.0	2
   3.0	1
   4.0	1
   5.0	2
   6.0	1
   7.0	2
   8.0	1
   9.0	2
  10.0	1
  11.0	0.5
  12.0	2
  13.0	3.5
  14.0	1
  15.0	1
  16.0	1
  17.0	1
  18.0	1
  19.0	0
  20.0	0
  21.0	1
  22.0	1
  23.0	1
  24.0	3
  25.0	1
  26.0	1
  27.0	2
  28.0	0
  29.0	0
  30.0	0
  31.0	0
  32.0	0
  33.0	0
  34.0	0
  35.0	0
  36.0	1
  37.0	0
  38.0	0
  39.0	0
  40.0	0
  41.0	0
  42.0	2
  43.0	0
  44.0	0
  45.0	1
  46.0	2
  47.0	0
  48.0	0
  49.0	2
  50.0	0
  51.0	1
  52.0	1
  53.0	1
  54.0	1
  55.0	0
  56.0	0
  57.0	2
  58.0	0
  59.0	0
  60.0	0
  61.0	0
  62.0	0
  63.0	2
  64.0	0
  65.0	0
  66.0	0
  67.0	1
  68.0	2
  69.0	1
  70.0	0
  71.0	1
  72.0	1
  73.0	0
  74.0	0
  75.0	0
  76.0	0
  77.0	1
  78.0	0
  79.0	2
  80.0	2
  81.0	0
  82.0	0
  83.0	0
  84.0	1
  85.0	1
  86.0	1
  87.0	0
  88.0	1
  89.0	0
  90.0	1
  91.0	0
DB 3 MOTIF	MA0062.2	GABPA
 -95.0	1
 -94.0	0
 -93.0	2
 -92.0	0
 -91.0	1
 -90.0	0
 -89.0	0
 -88.0	1
 -87.0	1
 -86.0	0
 -85.0	1
 -84.0	1
 -83.0	0
 -82.0	1
 -81.0	0
 -80.0	0
 -79.0	2
 -78.0	0
 -77.0	0
 -76.0	0
 -75.0	0
 -74.0	3
 -73.0	1
 -72.0	3
 -71.0	0
 -70.0	2
 -69.0	0
 -68.0	1
 -67.0	3
 -66.0	0
 -65.0	1
 -64.0	1
 -63.0	0.5
 -62.0	2
 -61.0	1
 -60.0	0
 -59.0	0
 -58.0	1
 -57.0	1.5
 -56.0	0
 -55.0	3.5
 -54.0	0
 -53.0	1
 -52.0	6
 -51.0	1
 -50.0	2.5
 -49.0	1
 -48.0	1
 -47.0	1
 -46.0	7
 -45.0	3
 -44.0	0
 -43.0	2
 -42.0	3
 -41.0	2
 -40.0	0
 -39.0	0
 -38.0	0
 -37.0	1
 -36.0	2
 -35.0	2
 -34.0	1
 -33.0	2
 -32.0	3
 -31.0	0
 -30.0	5
 -29.0	0
 -28.0	6
 -27.0	5
 -26.0	1
 -25.0	2
 -24.0	0
 -23.0	3
 -22.0	3
 -21.0	0
 -20.0	0
 -19.0	5
 -18.0	1
 -17.0	4
 -16.0	0
 -15.0	1
 -14.0	2
 -13.0	1
 -12.0	0
 -11.0	5
 -10.0	1
  -9.0	0
  -8.0	2
  -7.0	0
  -6.0	2
  -5.0	1
  -4.0	0
  -3.0	2
  -2.0	1
  -1.0	0
   0.0	1
   1.0	0
   2.0	0
   3.0	2
   4.0	1
   5.0	1
   6.0	0
   7.0	2
   8.0	0
   9.0	3
  10.0	1
  11.0	0
  12.0	4
  13.0	2
  14.0	3
  15.0	1
  16.0	0
  17.0	0
  18.0	1
  19.0	1
  20.0	0
  21.0	0
  22.0	1
  23.0	2
  24.0	1
  25.0	0
  26.0	0
  27.0	2
  28.0	3
  29.0	1
  30.0	2
  31.0	1
  32.0	2
  33.0	2
  34.0	1
  35.0	1
  36.0	3
  37.0	3
  38.0	2
  39.0	3
  40.0	4
  41.0	1
  42.0	3
  43.0	3
  44.0	1
  45.0	1
  46.0	3
  47.0	0
  48.0	1
  49.0	3
  50.0	6
  51.0	2
  52.0	5
  53.0	1
  54.0	1
  55.0	2
  56.0	2
  57.0	2
  58.0	3
  59.0	4
  60.0	0
  61.0	2
  62.0	2
  63.0	3
  64.0	3
  65.0	4
  66.0	2
  67.0	3
  68.0	2
  69.0	1
  70.0	3
  71.0	2
  72.0	0
  73.0	1
  74.0	0
  75.0	0
  76.0	2
  77.0	1
  78.0	1
  79.0	4
  80.0	1
  81.0	0
  82.0	0
  83.0	0
  84.0	0
  85.0	1
  86.0	0
  87.0	3
  88.0	0
  89.0	1
  90.0	3
  91.0	2
  92.0	0
  93.0	1
  94.0	4
  95.0	0
DB 3 MOTIF	MA0095.2	YY1
 -94.5	0
 -93.5	0
 -92.5	1
 -91.5	2
 -90.5	0
 -89.5	0.142857
 -88.5	1
 -87.5	1
 -86.5	1
 -85.5	1
 -84.5	2
 -83.5	0
 -82.5	1.11111
 -81.5	1
 -80.5	0
 -79.5	0
 -78.5	0
 -77.5	1
 -76.5	1
 -75.5	0
 -74.5	0
 -73.5	0
 -72.5	1
 -71.5	0
 -70.5	0
 -69.5	1.5
 -68.5	1
 -67.5	2
 -66.5	0
 -65.5	1
 -64.5	2.31111
 -63.5	0
 -62.5	0
 -61.5	1
 -60.5	1.14286
 -59.5	0
 -58.5	2
 -57.5	0
 -56.5	0
 -55.5	0
 -54.5	0
 -53.5	0
 -52.5	0
 -51.5	0
 -50.5	2
 -49.5	1
 -48.5	1
 -47.5	1
 -46.5	1.11111
 -45.5	0
 -44.5	1
 -43.5	0
 -42.5	1
 -41.5	1
 -40.5	1
 -39.5	4
 -38.5	5
 -37.5	3
 -36.5	1
 -35.5	0
 -34.5	4
 -33.5	1
 -32.5	2
 -31.5	3.14286
 -30.5	2
 -29.5	4.2
 -28.5	1.11111
 -27.5	1.66667
 -26.5	3
 -25.5	1
 -24.5	4
 -23.5	0
 -22.5	3
 -21.5	2
 -20.5	4
 -19.5	3
 -18.5	4
 -17.5	7
 -16.5	5
 -15.5	6
 -14.5	4
 -13.5	6
 -12.5	6
 -11.5	6
 -10.5	7.11111
  -9.5	12
  -8.5	6
  -7.5	9
  -6.5	8
  -5.5	13
  -4.5	7
  -3.5	5
  -2.5	8.14286
  -1.5	14
  -0.5	8
   0.5	9
   1.5	9
   2.5	9.5
   3.5	13
   4.5	4
   5.5	4.2
   6.5	3
   7.5	11.1111
   8.5	5
   9.5	3
  10.5	8
  11.5	6
  12.5	3
  13.5	6
  14.5	8
  15.5	7
  16.5	4
  17.5	3
  18.5	4
  19.5	4
  20.5	5
  21.5	5.66667
  22.5	3
  23.5	4
  24.5	3
  25.5	4.11111
  26.5	6.14286
  27.5	1
  28.5	0
  29.5	3.5
  30.5	1
  31.5	3
  32.5	2
  33.5	3
  34.5	2
  35.5	1
  36.5	1
  37.5	0.5
  38.5	4
  39.5	0
  40.5	0.2
  41.5	1
  42.5	0
  43.5	2.11111
  44.5	1
  45.5	1
  46.5	3
  47.5	1
  48.5	1
  49.5	1
  50.5	1
  51.5	1
  52.5	0
  53.5	2
  54.5	0
  55.5	1.14286
  56.5	1
  57.5	2
  58.5	0
  59.5	1
  60.5	1
  61.5	1.11111
  62.5	0
  63.5	1
  64.5	2.5
  65.5	3
  66.5	0
  67.5	0
  68.5	2
  69.5	0
  70.5	0.666667
  71.5	1
  72.5	1
  73.5	0
  74.5	0
  75.5	0.2
  76.5	0
  77.5	0
  78.5	0
  79.5	0
  80.5	2
  81.5	0
  82.5	1.5
  83.5	0
  84.5	0.142857
  85.5	0
  86.5	0
  87.5	0
  88.5	2
  89.5	0
  90.5	0
  91.5	0
  92.5	0
  93.5	0
  94.5	0
DB 3 MOTIF	MA0597.1	THAP1
 -96.0	2
 -95.0	4
 -94.0	3
 -93.0	1
 -92.0	3
 -91.0	0
 -90.0	2
 -89.0	3.33333
 -88.0	2
 -87.0	0
 -86.0	1.33333
 -85.0	0
 -84.0	3
 -83.0	2
 -82.0	4
 -81.0	1
 -80.0	3
 -79.0	0
 -78.0	2
 -77.0	1
 -76.0	1
 -75.0	1
 -74.0	3
 -73.0	0
 -72.0	1
 -71.0	2
 -70.0	2
 -69.0	3
 -68.0	2.33333
 -67.0	1
 -66.0	0
 -65.0	1
 -64.0	3.2
 -63.0	1
 -62.0	1
 -61.0	2
 -60.0	2.25
 -59.0	5
 -58.0	4
 -57.0	3
 -56.0	4
 -55.0	2
 -54.0	1
 -53.0	4
 -52.0	4
 -51.0	0
 -50.0	4.5
 -49.0	5.5
 -48.0	0
 -47.0	1
 -46.0	2
 -45.0	2
 -44.0	3
 -43.0	2
 -42.0	3
 -41.0	6
 -40.0	1
 -39.0	4
 -38.0	2
 -37.0	2
 -36.0	0
 -35.0	3.33333
 -34.0	3
 -33.0	4
 -32.0	2
 -31.0	6
 -30.0	2
 -29.0	5.2
 -28.0	2
 -27.0	4
 -26.0	4
 -25.0	3.5
 -24.0	3
 -23.0	2
 -22.0	3
 -21.0	4
 -20.0	4.83333
 -19.0	1
 -18.0	3
 -17.0	2
 -16.0	7
 -15.0	5.5
 -14.0	4
 -13.0	2
 -12.0	0
 -11.0	4.5
 -10.0	7
  -9.0	4.75
  -8.0	3
  -7.0	3
  -6.0	3
  -5.0	6
  -4.0	2
  -3.0	1.5
  -2.0	2
  -1.0	3
   0.0	5
   1.0	6
   2.0	1
   3.0	2
   4.0	3
   5.0	3
   6.0	2.2
   7.0	5
   8.0	5
   9.0	5
  10.0	1
  11.0	5
  12.0	3
  13.0	0
  14.0	2
  15.0	2
  16.0	4.5
  17.0	4.5
  18.0	1
  19.0	2
  20.0	8
  21.0	3
  22.0	2
  23.0	4
  24.0	2
  25.0	3
  26.0	3.5
  27.0	2
  28.0	2
  29.0	3
  30.0	2
  31.0	5
  32.0	7
  33.0	2
  34.0	3
  35.0	2
  36.0	3
  37.0	3.5
  38.0	2.5
  39.0	0
  40.0	3.33333
  41.0	3.2
  42.0	3.25
  43.0	4
  44.0	4
  45.0	2
  46.0	2.33333
  47.0	2
  48.0	1
  49.0	2
  50.0	0.5
  51.0	3
  52.0	2
  53.0	2
  54.0	1
  55.0	4
  56.0	2
  57.0	3
  58.0	2
  59.0	2
  60.0	3
  61.0	2
  62.0	3
  63.0	1
  64.0	1
  65.0	1
  66.0	1
  67.0	1
  68.0	0
  69.0	1
  70.0	3
  71.0	1
  72.0	2
  73.0	2.33333
  74.0	1
  75.0	1
  76.0	4.2
  77.0	2
  78.0	1.33333
  79.0	2
  80.0	4
  81.0	3
  82.0	0
  83.0	1
  84.0	3
  85.0	0
  86.0	4
  87.0	2
  88.0	1
  89.0	2
  90.0	1
  91.0	2
  92.0	2
  93.0	3.25
  94.0	2
  95.0	0
  96.0	1
DB 4 MOTIF	UP00001_1	E2F2_primary
 -93.0	4
 -92.0	1
 -91.0	0
 -90.0	2
 -89.0	2
 -88.0	1
 -87.0	1
 -86.0	0
 -85.0	0
 -84.0	1
 -83.0	2
 -82.0	0
 -81.0	3
 -80.0	2
 -79.0	2
 -78.0	1
 -77.0	0
 -76.0	2
 -75.0	1
 -74.0	0
 -73.0	0
 -72.0	0
 -71.0	0
 -70.0	1
 -69.0	1
 -68.0	0
 -67.0	3
 -66.0	0
 -65.0	0
 -64.0	0
 -63.0	1
 -62.0	2
 -61.0	0
 -60.0	0
 -59.0	1
 -58.0	1
 -57.0	6
 -56.0	1
 -55.0	0
 -54.0	2
 -53.0	1
 -52.0	2
 -51.0	0
 -50.0	0
 -49.0	1
 -48.0	2
 -47.0	1
 -46.0	0
 -45.0	1
 -44.0	2
 -43.0	0
 -42.0	5
 -41.0	1
 -40.0	0
 -39.0	3
 -38.0	2
 -37.0	1
 -36.0	3
 -35.0	1
 -34.0	2
 -33.0	0
 -32.0	3
 -31.0	0
 -30.0	1
 -29.0	3
 -28.0	0
 -27.0	0
 -26.0	0
 -25.0	1
 -24.0	2
 -23.0	0
 -22.0	1
 -21.0	0
 -20.0	0
 -19.0	2
 -18.0	0
 -17.0	1
 -16.0	0
 -15.0	1
 -14.0	2
 -13.0	3
 -12.0	3
 -11.0	3
 -10.0	2
  -9.0	4
  -8.0	1
  -7.0	4
  -6.0	1
  -5.0	3
  -4.0	4
  -3.0	1
  -2.0	3
  -1.0	1
   0.0	0
   1.0	2
   2.0	0
   3.0	1
   4.0	1
   5.0	1
   6.0	2
   7.0	0
   8.0	4
   9.0	3
  10.0	2
  11.0	2
  12.0	2
  13.0	3
  14.0	0
  15.0	0
  16.0	1
  17.0	0
  18.0	0
  19.0	2
  20.0	0
  21.0	2
  22.0	0
  23.0	2
  24.0	1
  25.0	1
  26.0	0
  27.0	3
  28.0	0
  29.0	3
  30.0	1
  31.0	0
  32.0	0
  33.0	0
  34.0	1
  35.0	1
  36.0	0
  37.0	1
  38.0	1
  39.0	0
  40.0	1
  41.0	1
  42.0	1
  43.0	0
  44.0	1
  45.0	0
  46.0	0
  47.0	1
  48.0	0
  49.0	1
  50.0	4
  51.0	1
  52.0	1
  53.0	1
  54.0	0
  55.0	2
  56.0	1
  57.0	1
  58.0	5
  59.0	2
  60.0	1
  61.0	0
  62.0	0
  63.0	0
  64.0	2
  65.0	2
  66.0	1
  67.0	0
  68.0	3
  69.0	2
  70.0	2
  71.0	1
  72.0	0
  73.0	1
  74.0	2
  75.0	3
  76.0	0
  77.0	2
  78.0	0
  79.0	2
  80.0	1
  81.0	1
  82.0	2
  83.0	0
  84.0	0
  85.0	2
  86.0	1
  87.0	1
  88.0	2
  89.0	0
  90.0	0
  91.0	2
  92.0	1
  93.0	3
DB 4 MOTIF	UP00003_1	E2F3_primary
 -93.0	2
 -92.0	1
 -91.0	1
 -90.0	3
 -89.0	2
 -88.0	0
 -87.0	1
 -86.0	0
 -85.0	0
 -84.0	1
 -83.0	2
 -82.0	0
 -81.0	2
 -80.0	1
 -79.0	1
 -78.0	1
 -77.0	1
 -76.0	1
 -75.0	0
 -74.0	0
 -73.0	0
 -72.0	0
 -71.0	0
 -70.0	1
 -69.0	3
 -68.0	0
 -67.0	2
 -66.0	0
 -65.0	0
 -64.0	0
 -63.0	1
 -62.0	1
 -61.0	0
 -60.0	0
 -59.0	0
 -58.0	1
 -57.0	6
 -56.0	1
 -55.0	0
 -54.0	1
 -53.0	1
 -52.0	1
 -51.0	0
 -50.0	0
 -49.0	2
 -48.0	2
 -47.0	1
 -46.0	0
 -45.0	1
 -44.0	1
 -43.0	0
 -42.0	4
 -41.0	1
 -40.0	0
 -39.0	4
 -38.0	2
 -37.0	0
 -36.0	3
 -35.0	0
 -34.0	2
 -33.0	0
 -32.0	3
 -31.0	0
 -30.0	2
 -29.0	4
 -28.0	0
 -27.0	0
 -26.0	0
 -25.0	0
 -24.0	2
 -23.0	0
 -22.0	0
 -21.0	1
 -20.0	0
 -19.0	1
 -18.0	1
 -17.0	0
 -16.0	0
 -15.0	0
 -14.0	2
 -13.0	2
 -12.0	3
 -11.0	2
 -10.0	2
  -9.0	4
  -8.0	1
  -7.0	4
  -6.0	2
  -5.0	3
  -4.0	4
  -3.0	1
  -2.0	2
  -1.0	1
   0.0	0
   1.0	2
   2.0	0
   3.0	1
   4.0	1
   5.0	0
   6.0	4
   7.0	0
   8.0	3
   9.0	2
  10.0	3
  11.0	1
  12.0	1
  13.0	3
  14.0	1
  15.0	1
  16.0	1
  17.0	0
  18.0	0
  19.0	3
  20.0	0
  21.0	1
  22.0	1
  23.0	2
  24.0	1
  25.0	2
  26.0	0
  27.0	2
  28.0	1
  29.0	2
  30.0	1
  31.0	0
  32.0	0
  33.0	0
  34.0	2
  35.0	1
  36.0	0
  37.0	1
  38.0	1
  39.0	0
  40.0	1
  41.0	2
  42.0	1
  43.0	0
  44.0	0
  45.0	0
  46.0	0
  47.0	1
  48.0	0
  49.0	1
  50.0	3
  51.0	2
  52.0	1
  53.0	0
  54.0	0
  55.0	2
  56.0	1
  57.0	0
  58.0	5
  59.0	1
  60.0	1
  61.0	0
  62.0	0
  63.0	0
  64.0	1
  65.0	0
  66.0	0
  67.0	0
  68.0	3
  69.0	3
  70.0	2
  71.0	1
  72.0	1
  73.0	1
  74.0	2
  75.0	2
  76.0	0
  77.0	1
  78.0	2
  79.0	2
  80.0	1
  81.0	0
  82.0	2
  83.0	0
  84.0	0
  85.0	0
  86.0	1
  87.0	0
  88.0	2
  89.0	0
  90.0	0
  91.0	1
  92.0	0
  93.0	3
DB 4 MOTIF	UP00088_1	Plagl1_primary
 -92.5	3
 -91.5	0
 -90.5	2
 -89.5	0
 -88.5	1
 -87.5	1
 -86.5	1
 -85.5	1
 -84.5	0
 -83.5	1
 -82.5	1
 -81.5	1
 -80.5	3
 -79.5	1
 -78.5	3
 -77.5	2
 -76.5	1
 -75.5	2
 -74.5	1
 -73.5	1
 -72.5	0
 -71.5	2
 -70.5	0
 -69.5	1
 -68.5	0
 -67.5	1
 -66.5	0
 -65.5	0
 -64.5	1
 -63.5	1
 -62.5	0
 -61.5	1
 -60.5	2
 -59.5	0
 -58.5	1
 -57.5	1
 -56.5	1
 -55.5	1
 -54.5	1
 -53.5	0
 -52.5	0
 -51.5	1
 -50.5	0
 -49.5	3
 -48.5	0
 -47.5	0
 -46.5	2
 -45.5	0
 -44.5	0
 -43.5	0
 -42.5	3
 -41.5	0
 -40.5	1
 -39.5	1
 -38.5	0
 -37.5	0
 -36.5	1
 -35.5	1
 -34.5	0
 -33.5	1
 -32.5	2
 -31.5	1
 -30.5	1
 -29.5	0
 -28.5	2
 -27.5	0
 -26.5	1
 -25.5	3
 -24.5	4
 -23.5	1
 -22.5	1
 -21.5	0
 -20.5	0
 -19.5	2
 -18.5	0
 -17.5	1
 -16.5	3
 -15.5	3
 -14.5	1
 -13.5	4
 -12.5	2
 -11.5	2
 -10.5	2
  -9.5	5
  -8.5	1
  -7.5	3
  -6.5	1
  -5.5	3
  -4.5	1
  -3.5	1
  -2.5	1
  -1.5	1
  -0.5	1
   0.5	4
   1.5	3
   2.5	2
   3.5	0
   4.5	2
   5.5	1
   6.5	1
   7.5	2
   8.5	1
   9.5	3
  10.5	2
  11.5	3
  12.5	0
  13.5	1
  14.5	3
  15.5	1
  16.5	1
  17.5	2
  18.5	1
  19.5	1
  20.5	3
  21.5	4
  22.5	2
  23.5	2
  24.5	0
  25.5	3
  26.5	0
  27.5	0
  28.5	1
  29.5	0
  30.5	0
  31.5	2
  32.5	0
  33.5	0
  34.5	1
  35.5	0
  36.5	0
  37.5	1
  38.5	2
  39.5	0
  40.5	1
  41.5	0
  42.5	1
  43.5	0
  44.5	3
  45.5	0
  46.5	0
  47.5	1
  48.5	0
  49.5	1
  50.5	0
  51.5	0
  52.5	1
  53.5	0
  54.5	1
  55.5	0
  56.5	0
  57.5	2
  58.5	1
  59.5	0
  60.5	0
  61.5	1
  62.5	0
  63.5	1
  64.5	0
  65.5	3
  66.5	1
  67.5	0
  68.5	0
  69.5	2
  70.5	1
  71.5	0
  72.5	1
  73.5	1
  74.5	0
  75.5	0
  76.5	1
  77.5	0
  78.5	2
  79.5	0
  80.5	0
  81.5	1
  82.5	1
  83.5	0
  84.5	1
  85.5	3
  86.5	0
  87.5	0
  88.5	2
  89.5	0
  90.5	6
  91.5	0
  92.5	1
DB 4 MOTIF	UP00001_2	E2F2_secondary
 -92.0	4
 -91.0	2.33333
 -90.0	1
 -89.0	2
 -88.0	2
 -87.0	1
 -86.0	0
 -85.0	1
 -84.0	1
 -83.0	2
 -82.0	3
 -81.0	4
 -80.0	1
 -79.0	1
 -78.0	3
 -77.0	1
 -76.0	2
 -75.0	1
 -74.0	0
 -73.0	2
 -72.0	1
 -71.0	4
 -70.0	2.33333
 -69.0	0
 -68.0	3
 -67.0	2
 -66.0	2
 -65.0	2
 -64.0	0
 -63.0	3
 -62.0	1
 -61.0	2
 -60.0	3
 -59.0	3
 -58.0	1
 -57.0	2
 -56.0	2
 -55.0	3
 -54.0	1
 -53.0	1
 -52.0	3
 -51.0	0
 -50.0	0
 -49.0	0
 -48.0	0.5
 -47.0	0
 -46.0	0
 -45.0	0
 -44.0	2
 -43.0	3
 -42.0	1
 -41.0	2
 -40.0	0
 -39.0	2
 -38.0	1
 -37.0	2.33333
 -36.0	0
 -35.0	2
 -34.0	3
 -33.0	2
 -32.0	1
 -31.0	2
 -30.0	3
 -29.0	1
 -28.0	3
 -27.0	3
 -26.0	1
 -25.0	2
 -24.0	1.66667
 -23.0	3
 -22.0	1
 -21.0	4
 -20.0	4
 -19.0	2
 -18.0	0
 -17.0	1
 -16.0	2
 -15.0	7
 -14.0	3
 -13.0	7
 -12.0	5
 -11.0	2
 -10.0	3
  -9.0	2.5
  -8.0	1
  -7.0	4
  -6.0	0
  -5.0	4
  -4.0	7
  -3.0	5
  -2.0	5
  -1.0	3
   0.0	0
   1.0	3
   2.0	2
   3.0	2
   4.0	0
   5.0	4
   6.0	4
   7.0	4
   8.0	2
   9.0	3
  10.0	1
  11.0	3
  12.0	1
  13.0	1
  14.0	4
  15.0	2
  16.0	0
  17.0	1
  18.0	2
  19.0	2
  20.0	2
  21.0	5
  22.0	3
  23.0	3
  24.0	2
  25.0	2.66667
  26.0	2
  27.0	3
  28.0	1
  29.0	3
  30.0	3
  31.0	0
  32.0	2
  33.0	1
  34.0	2
  35.0	4
  36.0	3
  37.0	1
  38.0	1.33333
  39.0	2
  40.0	2
  41.0	0
  42.0	0
  43.0	1
  44.0	2
  45.0	2
  46.0	1
  47.0	2
  48.0	2
  49.0	1
  50.0	3
  51.0	2
  52.0	0
  53.0	3
  54.0	0
  55.0	1
  56.0	2
  57.0	1
  58.0	2
  59.0	2
  60.0	2
  61.0	1
  62.0	2
  63.0	2
  64.0	1
  65.0	4
  66.0	1
  67.0	2
  68.0	4
  69.0	3
  70.0	1
  71.0	2.33333
  72.0	0
  73.0	2
  74.0	3.66667
  75.0	0
  76.0	1.33333
  77.0	0
  78.0	1
  79.0	1
  80.0	3
  81.0	2
  82.0	3
  83.0	1
  84.0	0
  85.0	1
  86.0	3
  87.0	0
  88.0	0
  89.0	0
  90.0	0
  91.0	2
  92.0	3
DB 4 MOTIF	UP00000_2	Smad3_secondary
 -92.0	3
 -91.0	2.33333
 -90.0	1
 -89.0	3
 -88.0	0
 -87.0	0
 -86.0	1
 -85.0	1
 -84.0	3
 -83.0	1
 -82.0	1
 -81.0	0
 -80.0	1
 -79.0	2
 -78.0	5.25
 -77.0	1
 -76.0	1
 -75.0	2
 -74.0	2
 -73.0	1
 -72.0	4
 -71.0	1
 -70.0	0.333333
 -69.0	1
 -68.0	4
 -67.0	2
 -66.0	3
 -65.0	0
 -64.0	1
 -63.0	1
 -62.0	2
 -61.0	0
 -60.0	2
 -59.0	2
 -58.0	2
 -57.0	4
 -56.0	1
 -55.0	2
 -54.0	1
 -53.0	4
 -52.0	2
 -51.0	4
 -50.0	2
 -49.0	1
 -48.0	2
 -47.0	0
 -46.0	2
 -45.0	1
 -44.0	3
 -43.0	3.25
 -42.0	2
 -41.0	3
 -40.0	2
 -39.0	3
 -38.0	1
 -37.0	1.33333
 -36.0	3
 -35.0	4
 -34.0	1
 -33.0	0
 -32.0	2
 -31.0	3
 -30.0	3
 -29.0	1
 -28.0	4
 -27.0	2
 -26.0	2
 -25.0	2.66667
 -24.0	2
 -23.0	2
 -22.0	2
 -21.0	3
 -20.0	4
 -19.0	1
 -18.0	1
 -17.0	2
 -16.0	2
 -15.0	1
 -14.0	5
 -13.0	8
 -12.0	6
 -11.0	3
 -10.0	2
  -9.0	6
  -8.0	4.25
  -7.0	4
  -6.0	4
  -5.0	3
  -4.0	4
  -3.0	7
  -2.0	3
  -1.0	4
   0.0	1
   1.0	0
   2.0	6
   3.0	4
   4.0	4
   5.0	7
   6.0	4
   7.0	3
   8.0	5
   9.0	3
  10.0	1
  11.0	2
  12.0	2
  13.0	4
  14.0	4
  15.0	3
  16.0	2
  17.0	4
  18.0	3
  19.0	1
  20.0	2
  21.0	4
  22.0	3
  23.0	3
  24.0	5.66667
  25.0	3
  26.0	3
  27.0	1
  28.0	0
  29.0	3
  30.0	1
  31.0	0
  32.0	4
  33.0	5
  34.0	1
  35.0	2
  36.0	3
  37.0	1
  38.0	2.33333
  39.0	2
  40.0	2
  41.0	3
  42.0	2
  43.0	3
  44.0	2
  45.0	1
  46.0	1
  47.0	3
  48.0	3
  49.0	2
  50.0	4
  51.0	1
  52.0	4
  53.0	2
  54.0	3
  55.0	2
  56.0	2
  57.0	2
  58.0	6
  59.0	3
  60.0	5
  61.0	3
  62.0	2.25
  63.0	2
  64.0	0
  65.0	4
  66.0	2
  67.0	1
  68.0	1
  69.0	2
  70.0	1
  71.0	4.33333
  72.0	0
  73.0	3.66667
  74.0	4
  75.0	1
  76.0	3.33333
  77.0	3
  78.0	1
  79.0	0
  80.0	1
  81.0	2
  82.0	1
  83.0	2
  84.0	2
  85.0	3
  86.0	0
  87.0	4
  88.0	1
  89.0	1
  90.0	2
  91.0	1
  92.0	0
DB 4 MOTIF	UP00046_2	Tcfe2a_secondary
 -92.0	0
 -91.0	0
 -90.0	1
 -89.0	2
 -88.0	0
 -87.0	1
 -86.0	2
 -85.0	3
 -84.0	0
 -83.0	2
 -82.0	1
 -81.0	2
 -80.0	0
 -79.0	0
 -78.0	1
 -77.0	0
 -76.0	0.333333
 -75.0	1
 -74.0	1
 -73.0	1
 -72.0	2
 -71.0	2
 -70.0	1
 -69.0	0
 -68.0	1
 -67.0	0
 -66.0	3.2
 -65.0	3
 -64.0	4
 -63.0	1
 -62.0	0
 -61.0	0
 -60.0	1
 -59.0	0
 -58.0	0
 -57.0	1
 -56.0	0
 -55.0	2
 -54.0	2
 -53.0	0
 -52.0	1
 -51.0	1
 -50.0	0
 -49.0	3
 -48.0	2
 -47.0	2
 -46.0	0
 -45.0	0
 -44.0	1
 -43.0	1
 -42.0	4
 -41.0	0
 -40.0	5
 -39.0	1
 -38.0	3
 -37.0	0
 -36.0	2
 -35.0	2
 -34.0	0
 -33.0	4
 -32.0	3
 -31.0	2.2
 -30.0	0
 -29.0	2
 -28.0	1
 -27.0	3
 -26.0	0
 -25.0	2
 -24.0	0
 -23.0	3
 -22.0	1
 -21.0	1
 -20.0	1
 -19.0	3
 -18.0	5
 -17.0	3
 -16.0	4
 -15.0	2
 -14.0	3
 -13.0	3
 -12.0	7
 -11.0	3
 -10.0	5.33333
  -9.0	8
  -8.0	4
  -7.0	6
  -6.0	2
  -5.0	9
  -4.0	2
  -3.0	0
  -2.0	4
  -1.0	3
   0.0	9
   1.0	6
   2.0	8
   3.0	3
   4.0	3.2
   5.0	2
   6.0	3
   7.0	4
   8.0	1
   9.0	3
  10.0	2
  11.0	2
  12.0	2
  13.0	4
  14.0	1
  15.0	4
  16.0	4
  17.0	2
  18.0	3
  19.0	3
  20.0	3
  21.0	3
  22.0	3
  23.0	3
  24.0	2
  25.0	2
  26.0	1
  27.0	0
  28.0	1
  29.0	2
  30.0	1
  31.0	2
  32.0	3
  33.0	0
  34.0	0.5
  35.0	1
  36.0	2
  37.0	1
  38.0	3
  39.0	3.2
  40.0	1
  41.0	0
  42.0	1
  43.0	3
  44.0	1
  45.0	1
  46.0	2
  47.0	1
  48.0	4
  49.0	2
  50.0	2
  51.0	1
  52.0	1
  53.0	1
  54.0	3
  55.0	1
  56.0	2.33333
  57.0	1
  58.0	0
  59.0	0
  60.0	0
  61.0	1
  62.0	3
  63.0	0.5
  64.0	1
  65.0	0
  66.0	1
  67.0	1
  68.0	0
  69.0	2
  70.0	2
  71.0	3
  72.0	0
  73.0	2
  74.0	0.2
  75.0	0
  76.0	0
  77.0	1
  78.0	0
  79.0	2
  80.0	1
  81.0	2
  82.0	0
  83.0	0
  84.0	0
  85.0	3
  86.0	0
  87.0	0
  88.0	0
  89.0	0
  90.0	0
  91.0	0
  92.0	1
